-207.0 95.0
-207.0 95.0
-206.0 95.0
-204.0 96.0
-202.0 96.0
-200.0 97.0
-197.0 97.0
-194.0 97.0
-190.0 98.0
-187.0 98.0
-185.0 98.0
-184.0 98.0
-182.0 99.0
-181.0 99.0
-179.0 99.0
-177.0 99.0
-175.0 99.0
-173.0 99.0
-171.0 99.0
-170.0 99.0
-168.0 98.0
-166.0 98.0
-164.0 98.0
-162.0 98.0
-160.0 97.0
-159.0 97.0
-160.0 97.0
-161.0 97.0
-162.0 97.0
-163.0 97.0
-164.0 97.0
-165.0 97.0
-166.0 97.0
-167.0 97.0
-168.0 97.0
-168.0 98.0
-169.0 98.0
-170.0 98.0
-171.0 98.0
-172.0 98.0
-173.0 98.0
-175.0 98.0
-176.0 98.0
-177.0 98.0
-178.0 98.0
-179.0 98.0
-180.0 98.0
-181.0 98.0
-182.0 98.0
-182.0 97.0
-182.0 96.0
-183.0 95.0
-183.0 92.0
-183.0 90.0
-183.0 88.0
-183.0 87.0
-183.0 85.0
-183.0 84.0
-183.0 83.0
-183.0 81.0
-183.0 80.0
-183.0 79.0
-183.0 77.0
-183.0 76.0
-183.0 74.0
-183.0 73.0
-183.0 72.0
-183.0 71.0
-183.0 69.0
-183.0 68.0
-184.0 66.0
-184.0 64.0
-184.0 62.0
-184.0 61.0
-184.0 59.0
-184.0 58.0
-184.0 57.0
-184.0 56.0
-185.0 55.0
-185.0 54.0
-185.0 53.0
-185.0 52.0
-185.0 51.0
-185.0 50.0
-185.0 49.0
-185.0 48.0
-185.0 47.0
-186.0 46.0
-186.0 45.0
-186.0 44.0
-186.0 43.0
-187.0 42.0
-187.0 40.0
-187.0 39.0
-187.0 38.0
-188.0 37.0
-188.0 36.0
-188.0 35.0
-188.0 34.0
-189.0 33.0
-189.0 31.0
-189.0 30.0
-189.0 31.0
-188.0 31.0
-188.0 32.0
-187.0 33.0
-187.0 34.0
-187.0 35.0
-186.0 35.0
-186.0 36.0
-186.0 37.0
-185.0 37.0
-185.0 38.0
-185.0 39.0
-184.0 39.0
-184.0 40.0
-184.0 41.0
-183.0 41.0
-183.0 42.0
-182.0 42.0
-182.0 43.0
-181.0 43.0
-181.0 44.0
-180.0 44.0
-180.0 45.0
-179.0 45.0
-178.0 45.0
-177.0 45.0
-177.0 46.0
-176.0 46.0
-175.0 46.0
-174.0 47.0
-173.0 48.0
-172.0 48.0
-172.0 49.0
-171.0 50.0
-171.0 51.0
-170.0 52.0
-169.0 53.0
-168.0 55.0
-167.0 57.0
-165.0 58.0
-163.0 59.0
-162.0 61.0
-162.0 62.0
-161.0 62.0
-161.0 65.0
-160.0 67.0
-159.0 68.0
-158.0 70.0
-158.0 73.0
-157.0 75.0
-157.0 77.0
-156.0 79.0
-156.0 81.0
-156.0 83.0
-156.0 85.0
-156.0 87.0
-156.0 89.0
-156.0 90.0
-156.0 92.0
-156.0 93.0
-156.0 94.0
-156.0 95.0
-155.0 95.0
-155.0 96.0
-155.0 95.0
-154.0 94.0
-154.0 92.0
-154.0 89.0
-154.0 87.0
-154.0 85.0
-154.0 83.0
-154.0 81.0
-154.0 79.0
-155.0 77.0
-155.0 74.0
-155.0 72.0
-155.0 69.0
-155.0 67.0
-156.0 65.0
-156.0 63.0
-157.0 61.0
-158.0 59.0
-158.0 57.0
-158.0 55.0
-159.0 52.0
-159.0 50.0
-160.0 47.0
-160.0 45.0
-161.0 44.0
-161.0 42.0
-162.0 40.0
-162.0 38.0
-163.0 36.0
-163.0 35.0
-164.0 33.0
-164.0 32.0
-164.0 31.0
-164.0 30.0
-165.0 30.0
-166.0 30.0
-166.0 33.0
-166.0 35.0
-166.0 37.0
-166.0 39.0
-166.0 41.0
-165.0 43.0
-165.0 45.0
-165.0 47.0
-164.0 49.0
-164.0 50.0
-164.0 51.0
-163.0 52.0
-163.0 53.0
-162.0 54.0
-160.0 55.0
-159.0 55.0
-158.0 56.0
-157.0 56.0
-156.0 56.0
-155.0 56.0
-155.0 57.0
-154.0 57.0
-153.0 57.0
-152.0 57.0
-151.0 57.0
-150.0 57.0
-149.0 57.0
-149.0 56.0
-148.0 56.0
-147.0 56.0
-147.0 55.0
-146.0 54.0
-146.0 53.0
-145.0 52.0
-144.0 51.0
-144.0 50.0
-143.0 50.0
-143.0 49.0
-143.0 48.0
-142.0 48.0
-142.0 46.0
-142.0 45.0
-141.0 44.0
-141.0 43.0
-141.0 42.0
-141.0 41.0
-141.0 40.0
-141.0 39.0
-141.0 38.0
-141.0 37.0
-141.0 36.0
-141.0 35.0
-141.0 34.0
-142.0 33.0
-142.0 32.0
-141.0 32.0
-141.0 33.0
-141.0 34.0
-141.0 35.0
-141.0 36.0
-141.0 37.0
-141.0 38.0
-140.0 38.0
-140.0 39.0
-140.0 40.0
-139.0 40.0
-138.0 40.0
-137.0 40.0
-136.0 40.0
-135.0 40.0
-134.0 40.0
-132.0 39.0
-129.0 39.0
-127.0 39.0
-125.0 38.0
-123.0 38.0
-122.0 38.0
-121.0 38.0
-120.0 38.0
-119.0 38.0
-118.0 38.0
-117.0 38.0
-116.0 38.0
-116.0 39.0
-115.0 39.0
-114.0 40.0
-113.0 40.0
-113.0 41.0
-112.0 41.0
-112.0 42.0
-111.0 44.0
-111.0 45.0
-111.0 46.0
-111.0 47.0
-111.0 48.0
-112.0 49.0
-112.0 51.0
-112.0 52.0
-113.0 52.0
-113.0 53.0
-113.0 54.0
-114.0 54.0
-114.0 55.0
-115.0 55.0
-116.0 55.0
-116.0 56.0
-117.0 56.0
-118.0 56.0
-119.0 56.0
-120.0 56.0
-121.0 56.0
-121.0 55.0
-122.0 54.0
-123.0 54.0
-124.0 53.0
-124.0 52.0
-125.0 51.0
-126.0 48.0
-127.0 47.0
-128.0 46.0
-128.0 45.0
-130.0 44.0
-130.0 43.0
-130.0 42.0
-130.0 41.0
-130.0 40.0
-130.0 39.0
-130.0 38.0
-130.0 37.0
-128.0 36.0
-128.0 34.0
-127.0 33.0
-126.0 32.0
-126.0 31.0
-125.0 30.0
-124.0 30.0
-123.0 29.0
-122.0 29.0
-121.0 29.0
-120.0 29.0
-119.0 29.0
-118.0 29.0
-117.0 29.0
-116.0 29.0
-115.0 29.0
-114.0 28.0
-113.0 28.0
-112.0 28.0
-111.0 28.0
-109.0 28.0
-108.0 28.0
-106.0 28.0
-105.0 28.0
-104.0 28.0
-103.0 28.0
-102.0 28.0
-101.0 28.0
-99.0 28.0
-98.0 28.0
-96.0 28.0
-94.0 28.0
-92.0 28.0
-90.0 28.0
-89.0 28.0
-88.0 28.0
-87.0 29.0
-86.0 29.0
-86.0 30.0
-85.0 31.0
-85.0 32.0
-85.0 34.0
-84.0 35.0
-84.0 36.0
-83.0 38.0
-83.0 39.0
-83.0 40.0
-83.0 41.0
-83.0 43.0
-83.0 44.0
-83.0 45.0
-84.0 46.0
-84.0 47.0
-84.0 48.0
-85.0 50.0
-85.0 51.0
-86.0 52.0
-87.0 53.0
-88.0 53.0
-89.0 53.0
-90.0 53.0
-91.0 53.0
-92.0 53.0
-93.0 53.0
-94.0 52.0
-95.0 52.0
-95.0 51.0
-96.0 50.0
-97.0 50.0
-98.0 49.0
-98.0 48.0
-99.0 48.0
-99.0 46.0
-100.0 44.0
-100.0 43.0
-101.0 42.0
-101.0 41.0
-101.0 40.0
-101.0 39.0
-101.0 38.0
-101.0 37.0
-101.0 36.0
-101.0 35.0
-101.0 34.0
-100.0 33.0
-100.0 32.0
-99.0 30.0
-98.0 30.0
-97.0 29.0
-95.0 28.0
-94.0 28.0
-92.0 27.0
-90.0 27.0
-89.0 27.0
-88.0 27.0
-87.0 27.0
-86.0 27.0
-85.0 27.0
-85.0 28.0
-84.0 29.0
-84.0 30.0
-83.0 30.0
-83.0 31.0
-83.0 30.0
-82.0 30.0
-82.0 29.0
-81.0 29.0
-80.0 29.0
-80.0 28.0
-79.0 28.0
-78.0 28.0
-77.0 28.0
-76.0 28.0
-75.0 28.0
-75.0 27.0
-74.0 27.0
-71.0 27.0
-70.0 27.0
-69.0 27.0
-68.0 27.0
-67.0 27.0
-66.0 27.0
-65.0 27.0
-64.0 27.0
-64.0 28.0
-64.0 29.0
-63.0 30.0
-63.0 31.0
-63.0 33.0
-63.0 35.0
-63.0 37.0
-62.0 41.0
-62.0 43.0
-62.0 46.0
-62.0 48.0
-62.0 51.0
-62.0 55.0
-62.0 58.0
-62.0 61.0
-62.0 63.0
-61.0 66.0
-61.0 68.0
-61.0 69.0
-61.0 70.0
-60.0 72.0
-60.0 73.0
-60.0 75.0
-60.0 77.0
-60.0 78.0
-60.0 79.0
-59.0 79.0
-59.0 77.0
-59.0 75.0
-59.0 73.0
-58.0 71.0
-58.0 70.0
-58.0 68.0
-58.0 66.0
-58.0 64.0
-58.0 62.0
-58.0 59.0
-58.0 57.0
-58.0 55.0
-58.0 54.0
-58.0 53.0
-58.0 52.0
-58.0 50.0
-58.0 49.0
-58.0 48.0
-58.0 47.0
-58.0 46.0
-58.0 45.0
-58.0 43.0
-58.0 42.0
-58.0 40.0
-58.0 38.0
-58.0 37.0
-58.0 35.0
-58.0 34.0
-58.0 32.0
-58.0 31.0
-58.0 30.0
-59.0 29.0
-59.0 28.0
-60.0 27.0
-60.0 26.0
-60.0 25.0
-60.0 24.0
-61.0 24.0
-61.0 23.0
-61.0 22.0
-60.0 22.0
-59.0 22.0
-58.0 22.0
-57.0 22.0
-56.0 22.0
-55.0 22.0
-54.0 22.0
-53.0 22.0
-52.0 22.0
-51.0 22.0
-50.0 22.0
-49.0 22.0
-47.0 22.0
-46.0 22.0
-44.0 22.0
-43.0 22.0
-42.0 23.0
-41.0 24.0
-40.0 25.0
-40.0 27.0
-39.0 28.0
-39.0 29.0
-39.0 31.0
-39.0 33.0
-38.0 35.0
-38.0 36.0
-38.0 38.0
-38.0 39.0
-38.0 40.0
-38.0 41.0
-38.0 42.0
-39.0 42.0
-39.0 43.0
-40.0 44.0
-41.0 45.0
-42.0 45.0
-44.0 46.0
-45.0 46.0
-46.0 46.0
-46.0 45.0
-47.0 45.0
-48.0 44.0
-49.0 43.0
-50.0 42.0
-50.0 40.0
-51.0 39.0
-51.0 36.0
-51.0 34.0
-51.0 32.0
-50.0 30.0
-50.0 29.0
-49.0 27.0
-49.0 26.0
-48.0 25.0
-48.0 24.0
-47.0 24.0
-46.0 24.0
-45.0 24.0
-44.0 24.0
-43.0 24.0
-42.0 24.0
-42.0 25.0
-40.0 26.0
-40.0 28.0
-40.0 29.0
-39.0 30.0
-39.0 32.0
-39.0 34.0
-39.0 35.0
-39.0 37.0
-39.0 38.0
-39.0 39.0
-39.0 40.0
-39.0 41.0
-38.0 41.0
-38.0 39.0
-38.0 38.0
-38.0 37.0
-37.0 35.0
-37.0 34.0
-37.0 32.0
-37.0 31.0
-36.0 30.0
-36.0 28.0
-35.0 27.0
-35.0 26.0
-34.0 25.0
-34.0 24.0
-33.0 24.0
-33.0 23.0
-32.0 22.0
-31.0 22.0
-31.0 21.0
-30.0 21.0
-29.0 21.0
-27.0 20.0
-26.0 20.0
-24.0 20.0
-23.0 20.0
-21.0 20.0
-20.0 20.0
-19.0 20.0
-19.0 21.0
-19.0 22.0
-19.0 23.0
-18.0 23.0
-17.0 23.0
-16.0 23.0
-15.0 23.0
-14.0 23.0
-13.0 23.0
-12.0 22.0
-11.0 22.0
-9.0 22.0
-8.0 22.0
-7.0 22.0
-7.0 23.0
-6.0 23.0
-6.0 24.0
-6.0 25.0
-5.0 28.0
-5.0 29.0
-5.0 31.0
-5.0 34.0
-5.0 37.0
-5.0 40.0
-5.0 42.0
-5.0 44.0
-6.0 45.0
-7.0 48.0
-10.0 49.0
-10.0 50.0
-11.0 50.0
-13.0 51.0
-15.0 51.0
-16.0 51.0
-17.0 51.0
-18.0 51.0
-19.0 50.0
-20.0 49.0
-21.0 47.0
-21.0 46.0
-22.0 44.0
-23.0 43.0
-23.0 41.0
-23.0 40.0
-23.0 38.0
-23.0 36.0
-23.0 35.0
-23.0 34.0
-23.0 33.0
-22.0 32.0
-22.0 29.0
-21.0 28.0
-20.0 26.0
-20.0 25.0
-18.0 24.0
-17.0 23.0
-15.0 22.0
-13.0 22.0
-12.0 21.0
-11.0 21.0
-10.0 21.0
-9.0 21.0
-8.0 21.0
-7.0 21.0
-6.0 21.0
-5.0 21.0
-3.0 22.0
-2.0 23.0
1.0 24.0
2.0 25.0
4.0 26.0
6.0 27.0
8.0 27.0
11.0 28.0
13.0 29.0
15.0 30.0
17.0 31.0
18.0 31.0
20.0 32.0
21.0 33.0
24.0 34.0
25.0 35.0
26.0 36.0
27.0 37.0
27.0 39.0
28.0 40.0
29.0 41.0
29.0 42.0
30.0 44.0
30.0 45.0
31.0 45.0
31.0 46.0
31.0 48.0
31.0 49.0
30.0 50.0
29.0 50.0
28.0 50.0
27.0 50.0
26.0 50.0
25.0 50.0
25.0 49.0
24.0 49.0
24.0 47.0
23.0 46.0
23.0 45.0
23.0 42.0
23.0 40.0
23.0 38.0
23.0 36.0
24.0 35.0
24.0 33.0
25.0 30.0
26.0 28.0
26.0 26.0
27.0 25.0
27.0 23.0
27.0 22.0
27.0 21.0
27.0 19.0
27.0 18.0
27.0 17.0
26.0 17.0
25.0 16.0
24.0 15.0
22.0 15.0
20.0 15.0
18.0 15.0
17.0 15.0
16.0 15.0
15.0 14.0
14.0 14.0
