-207.0 95.0
-202.0 96.0
-190.0 98.0
-182.0 99.0
-175.0 99.0
-168.0 98.0
-160.0 97.0
-162.0 97.0
-166.0 97.0
-169.0 98.0
-173.0 98.0
-178.0 98.0
-182.0 98.0
-183.0 92.0
-183.0 85.0
-183.0 80.0
-183.0 74.0
-183.0 69.0
-184.0 62.0
-184.0 57.0
-185.0 53.0
-185.0 49.0
-186.0 45.0
-187.0 40.0
-188.0 36.0
-189.0 31.0
-188.0 32.0
-186.0 35.0
-185.0 38.0
-184.0 41.0
-182.0 43.0
-180.0 45.0
-177.0 46.0
-173.0 48.0
-171.0 51.0
-167.0 57.0
-162.0 62.0
-159.0 68.0
-157.0 77.0
-156.0 85.0
-156.0 92.0
-155.0 95.0
-154.0 92.0
-154.0 83.0
-155.0 74.0
-156.0 65.0
-158.0 57.0
-160.0 47.0
-162.0 40.0
-164.0 33.0
-165.0 30.0
-166.0 37.0
-165.0 45.0
-164.0 51.0
-160.0 55.0
-156.0 56.0
-153.0 57.0
-149.0 57.0
-147.0 55.0
-144.0 51.0
-143.0 48.0
-141.0 44.0
-141.0 40.0
-141.0 36.0
-142.0 32.0
-141.0 35.0
-140.0 38.0
-138.0 40.0
-134.0 40.0
-125.0 38.0
-120.0 38.0
-116.0 38.0
-113.0 40.0
-111.0 44.0
-111.0 48.0
-113.0 52.0
-114.0 55.0
-117.0 56.0
-121.0 56.0
-124.0 53.0
-127.0 47.0
-130.0 43.0
-130.0 39.0
-128.0 34.0
-125.0 30.0
-121.0 29.0
-117.0 29.0
-113.0 28.0
-108.0 28.0
-103.0 28.0
-98.0 28.0
-90.0 28.0
-86.0 29.0
-85.0 34.0
-83.0 39.0
-83.0 44.0
-84.0 48.0
-87.0 53.0
-91.0 53.0
-95.0 52.0
-98.0 49.0
-100.0 44.0
-101.0 40.0
-101.0 36.0
-100.0 32.0
-95.0 28.0
-89.0 27.0
-85.0 27.0
-83.0 30.0
-82.0 29.0
-79.0 28.0
-75.0 28.0
-70.0 27.0
-66.0 27.0
-64.0 29.0
-63.0 35.0
-62.0 46.0
-62.0 58.0
-61.0 68.0
-60.0 73.0
-60.0 79.0
-59.0 73.0
-58.0 66.0
-58.0 57.0
-58.0 52.0
-58.0 47.0
-58.0 42.0
-58.0 35.0
-58.0 30.0
-60.0 26.0
-61.0 23.0
-58.0 22.0
-54.0 22.0
-50.0 22.0
-44.0 22.0
-40.0 25.0
-39.0 31.0
-38.0 38.0
-38.0 42.0
-41.0 45.0
-46.0 46.0
-49.0 43.0
-51.0 36.0
-50.0 29.0
-48.0 24.0
-44.0 24.0
-40.0 26.0
-39.0 32.0
-39.0 38.0
-38.0 41.0
-37.0 35.0
-36.0 30.0
-34.0 25.0
-32.0 22.0
-29.0 21.0
-23.0 20.0
-19.0 21.0
-17.0 23.0
-13.0 23.0
-8.0 22.0
-6.0 24.0
-5.0 31.0
-5.0 42.0
-10.0 49.0
-15.0 51.0
-19.0 50.0
-22.0 44.0
-23.0 38.0
-23.0 33.0
-20.0 26.0
-15.0 22.0
-10.0 21.0
-6.0 21.0
1.0 24.0
8.0 27.0
17.0 31.0
24.0 34.0
27.0 39.0
30.0 44.0
31.0 48.0
28.0 50.0
25.0 49.0
23.0 45.0
23.0 36.0
26.0 28.0
27.0 22.0
27.0 17.0
22.0 15.0
16.0 15.0
14.0 14.0
